   4.0738831e+01
   4.1424367e+01
   4.1563452e+01
   4.1711959e+01
   4.2545735e+01
   4.2622792e+01
   4.2629391e+01
   4.2802623e+01
   4.2843737e+01
   4.3191324e+01
   4.3325024e+01
   4.3374989e+01
   4.3391067e+01
   4.3530236e+01
   4.3588621e+01
   4.3748984e+01
   4.4353322e+01
   4.4694932e+01
   4.4744595e+01
   4.4793550e+01
   4.4958038e+01
   4.5216507e+01
   4.5216568e+01
   4.5306184e+01
   4.5447792e+01
   4.5497656e+01
   4.5647296e+01
   4.5916483e+01
   4.6437404e+01
   4.7189833e+01
   4.7197090e+01
   4.7239268e+01
   4.7248228e+01
   4.7829860e+01
   4.7839450e+01
   4.7889411e+01
   4.8099920e+01
   4.8224496e+01
   4.8381299e+01
   4.8562889e+01
   4.8671087e+01
   4.8799416e+01
   4.9054877e+01
   4.9120936e+01
   4.9142891e+01
   4.9336075e+01
   4.9730446e+01
   4.9738845e+01
   4.9853898e+01
   4.9950748e+01
   5.0103206e+01
   5.0713026e+01
   5.0752252e+01
   5.0854975e+01
   5.1051539e+01
   5.1168212e+01
   5.1230904e+01
   5.1581557e+01
   5.1766939e+01
   5.1809692e+01
   5.1888959e+01
   5.1910736e+01
   5.2248586e+01
   5.2258327e+01
   5.2352620e+01
   5.2386220e+01
   5.2597578e+01
   5.2803375e+01
   5.2804733e+01
   5.2861108e+01
   5.2879787e+01
   5.3113983e+01
   5.3569046e+01
   5.3694980e+01
   5.3912547e+01
   5.4010066e+01
   5.4013100e+01
   5.4042353e+01
   5.4047645e+01
   5.4257181e+01
   5.4338110e+01
   5.4367306e+01
   5.4453526e+01
   5.4456718e+01
   5.4461723e+01
   5.4474715e+01
   5.4570137e+01
   5.4582208e+01
   5.4724634e+01
   5.4759561e+01
   5.5079836e+01
   5.5142016e+01
   5.5178108e+01
   5.5268322e+01
   5.5543747e+01
   5.5544447e+01
   5.5579247e+01
   5.5590206e+01
   5.5634410e+01
   5.5663996e+01
   5.5728349e+01
   5.5781934e+01
   5.5787690e+01
   5.5889127e+01
   5.5954177e+01
   5.5989611e+01
   5.5991613e+01
   5.5999550e+01
   5.6008480e+01
   5.6041303e+01
   5.6200806e+01
   5.6393406e+01
   5.6432847e+01
   5.6472419e+01
   5.6524070e+01
   5.6534069e+01
   5.6535791e+01
   5.6587861e+01
   5.6607761e+01
   5.6621144e+01
   5.6838546e+01
   5.6868219e+01
   5.6925764e+01
   5.7057512e+01
   5.7104056e+01
   5.7246783e+01
   5.7364086e+01
   5.7611366e+01
   5.7630164e+01
   5.7696868e+01
   5.7708458e+01
   5.7745616e+01
   5.7762110e+01
   5.7793525e+01
   5.7875175e+01
   5.7942991e+01
   5.8014082e+01
   5.8017457e+01
   5.8068470e+01
   5.8076916e+01
   5.8192428e+01
   5.8219443e+01
   5.8295754e+01
   5.8355381e+01
   5.8361803e+01
   5.8596106e+01
   5.8741439e+01
   5.8766918e+01
   5.8777944e+01
   5.8782749e+01
   5.8806191e+01
   5.9063771e+01
   5.9143153e+01
   5.9209068e+01
   5.9387071e+01
   5.9400865e+01
   5.9468925e+01
   5.9477350e+01
   5.9549006e+01
   5.9734726e+01
   5.9861952e+01
   5.9970744e+01
   6.0112254e+01
   6.0116978e+01
   6.0200745e+01
   6.0347747e+01
   6.0441839e+01
   6.0475550e+01
   6.0500766e+01
   6.0554282e+01
   6.0856625e+01
   6.0894260e+01
   6.0955858e+01
   6.1092045e+01
   6.1218638e+01
   6.1221634e+01
   6.1235941e+01
   6.1253588e+01
   6.1267040e+01
   6.1338746e+01
   6.1342379e+01
   6.1430041e+01
   6.1430470e+01
   6.1487222e+01
   6.1558459e+01
   6.1586314e+01
   6.1699921e+01
   6.1706570e+01
   6.1753116e+01
   6.1777068e+01
   6.1815116e+01
   6.1870105e+01
   6.2001685e+01
   6.2005065e+01
   6.2078341e+01
   6.2130908e+01
   6.2147662e+01
   6.2323484e+01
   6.2369684e+01
   6.2485422e+01
   6.2525498e+01
   6.2683720e+01
   6.2755358e+01
   6.2822629e+01
   6.3030932e+01
   6.3170902e+01
   6.3171610e+01
   6.3226249e+01
   6.3242048e+01
   6.3395142e+01
   6.3409765e+01
   6.3429353e+01
   6.3615243e+01
   6.3619811e+01
   6.3630402e+01
   6.3897876e+01
   6.3922387e+01
   6.3982377e+01
   6.4064397e+01
   6.4380192e+01
   6.4444445e+01
   6.4464508e+01
   6.4489068e+01
   6.4596039e+01
   6.4677026e+01
   6.4765361e+01
   6.4771296e+01
   6.4848648e+01
   6.4849365e+01
   6.4934018e+01
   6.4986756e+01
   6.4989905e+01
   6.5035340e+01
   6.5040895e+01
   6.5217345e+01
   6.5230699e+01
   6.5258964e+01
   6.5290417e+01
   6.5298618e+01
   6.5331984e+01
   6.5355303e+01
   6.5357332e+01
   6.5450335e+01
   6.5476448e+01
   6.5544658e+01
   6.5598904e+01
   6.5613107e+01
   6.5630393e+01
   6.5893527e+01
   6.5902310e+01
   6.6004588e+01
   6.6061521e+01
   6.6081981e+01
   6.6144463e+01
   6.6228293e+01
   6.6250616e+01
   6.6289827e+01
   6.6333522e+01
   6.6532082e+01
   6.6684287e+01
   6.6696477e+01
   6.6769614e+01
   6.6775275e+01
   6.6833678e+01
   6.6969462e+01
   6.7008725e+01
   6.7009775e+01
   6.7067175e+01
   6.7088910e+01
   6.7109390e+01
   6.7122184e+01
   6.7125028e+01
   6.7161184e+01
   6.7163917e+01
   6.7195404e+01
   6.7258704e+01
   6.7319214e+01
   6.7325778e+01
   6.7469359e+01
   6.7504069e+01
   6.7602465e+01
   6.7683952e+01
   6.7709794e+01
   6.7762730e+01
   6.7767584e+01
   6.7772517e+01
   6.7847094e+01
   6.7863851e+01
   6.7937443e+01
   6.7958028e+01
   6.8040422e+01
   6.8099554e+01
   6.8190885e+01
   6.8321571e+01
   6.8367246e+01
   6.8388758e+01
   6.8397541e+01
   6.8413311e+01
   6.8425350e+01
   6.8729513e+01
   6.8853653e+01
   6.8906282e+01
   6.8940958e+01
   6.8974534e+01
   6.9099611e+01
   6.9236125e+01
   6.9315643e+01
   6.9414072e+01
   6.9493783e+01
   6.9496718e+01
   6.9534472e+01
   6.9551671e+01
   6.9582044e+01
   6.9600289e+01
   6.9605405e+01
   6.9663848e+01
   6.9672839e+01
   6.9716158e+01
   6.9891251e+01
   6.9920571e+01
   7.0017207e+01
   7.0120135e+01
   7.0223408e+01
   7.0304596e+01
   7.0451133e+01
   7.0719414e+01
   7.0766902e+01
   7.1288445e+01
   7.1344348e+01
   7.1447317e+01
   7.1492558e+01
   7.1966479e+01
   7.2015462e+01
   7.2129481e+01
   7.2402944e+01
   7.2565554e+01
   7.2602209e+01
   7.2612396e+01
   7.2616043e+01
   7.2616177e+01
   7.2621307e+01
   7.2660512e+01
   7.2707099e+01
   7.2750125e+01
   7.2757374e+01
   7.2776246e+01
   7.2787581e+01
   7.2793313e+01
   7.2809459e+01
   7.2835579e+01
   7.2840554e+01
   7.2840661e+01
   7.2851094e+01
   7.2854108e+01
   7.2952117e+01
   7.2974535e+01
   7.2988852e+01
   7.3047204e+01
   7.3050197e+01
   7.3100723e+01
   7.3104260e+01
   7.3114678e+01
   7.3214050e+01
   7.3386958e+01
   7.3421325e+01
   7.3423758e+01
   7.3429900e+01
   7.3525275e+01
   7.3558214e+01
   7.3591152e+01
   7.3624091e+01
   7.3627474e+01
   7.3693162e+01
   7.3733914e+01
   7.3742263e+01
   7.3753685e+01
   7.3756915e+01
   7.3858205e+01
   7.3859666e+01
   7.3932268e+01
   7.4063186e+01
   7.4089369e+01
   7.4118509e+01
   7.4363232e+01
   7.4384262e+01
   7.4437028e+01
   7.4666721e+01
   7.4683946e+01
   7.4684725e+01
   7.4720683e+01
   7.4757904e+01
   7.4785031e+01
   7.4788335e+01
   7.4837835e+01
   7.4842448e+01
   7.4855988e+01
   7.4876122e+01
   7.4885411e+01
   7.4923640e+01
   7.5164268e+01
   7.5209843e+01
   7.5222970e+01
   7.5321774e+01
   7.5339507e+01
   7.5738933e+01
   7.5818868e+01
   7.5848697e+01
   7.5924211e+01
   7.5977839e+01
   7.6002420e+01
   7.6185592e+01
   7.6277110e+01
   7.6377714e+01
   7.6507098e+01
   7.6576148e+01
   7.6642953e+01
   7.6680532e+01
   7.6705215e+01
   7.6914996e+01
   7.6937331e+01
   7.7022096e+01
   7.7028384e+01
   7.7140546e+01
   7.7293183e+01
   7.7303488e+01
   7.7329258e+01
   7.7493775e+01
   7.7526055e+01
   7.7675487e+01
   7.7742043e+01
   7.7834346e+01
   7.8058298e+01
   7.8070842e+01
   7.8160742e+01
   7.8184776e+01
   7.8195424e+01
   7.8249174e+01
   7.8305466e+01
   7.8347376e+01
   7.8411186e+01
   7.8451899e+01
   7.8470855e+01
   7.8562664e+01
   7.8619162e+01
   7.8627607e+01
   7.8659617e+01
   7.8716101e+01
   7.8747435e+01
   7.8950490e+01
   7.8953868e+01
   7.9022082e+01
   7.9036318e+01
   7.9103234e+01
   7.9217202e+01
   7.9307290e+01
   7.9309994e+01
   7.9455225e+01
   7.9493188e+01
   7.9510542e+01
   7.9523284e+01
   7.9535559e+01
   7.9616304e+01
   7.9703636e+01
   7.9800132e+01
   7.9913119e+01
   7.9985342e+01
   7.9990740e+01
   8.0120682e+01
   8.0162856e+01
   8.0250656e+01
   8.0360996e+01
   8.0497656e+01
   8.0541425e+01
   8.0559833e+01
   8.0700306e+01
   8.0706534e+01
   8.0743603e+01
   8.0761753e+01
   8.0822228e+01
   8.0931960e+01
   8.1047240e+01
   8.1053803e+01
   8.1093706e+01
   8.1150009e+01
   8.1252760e+01
   8.1411607e+01
   8.1486588e+01
   8.1533184e+01
   8.1564242e+01
   8.1577143e+01
   8.1754378e+01
   8.1856295e+01
   8.1892895e+01
   8.1907201e+01
   8.1960017e+01
   8.1968450e+01
   8.1975647e+01
   8.2007971e+01
   8.2055823e+01
   8.2170759e+01
   8.2306128e+01
   8.2314675e+01
   8.2429537e+01
   8.2489876e+01
   8.2502496e+01
   8.2643225e+01
   8.2723268e+01
   8.2767122e+01
   8.2930924e+01
   8.2998594e+01
   8.3004378e+01
   8.3202770e+01
   8.3256074e+01
   8.3279202e+01
   8.3388746e+01
   8.3402132e+01
   8.3422154e+01
   8.3442392e+01
   8.3465736e+01
   8.3479341e+01
   8.3585861e+01
   8.3797760e+01
   8.3971132e+01
   8.3974518e+01
   8.3994166e+01
   8.4005703e+01
   8.4029743e+01
   8.4106414e+01
   8.4112751e+01
   8.4181643e+01
   8.4217739e+01
   8.4260065e+01
   8.4366552e+01
   8.4460278e+01
   8.4463823e+01
   8.4594155e+01
   8.4650960e+01
   8.4757260e+01
   8.4829882e+01
   8.5040201e+01
   8.5113580e+01
   8.5146722e+01
   8.5264427e+01
   8.5274364e+01
   8.5353799e+01
   8.5360396e+01
   8.5396103e+01
   8.5692402e+01
   8.5766716e+01
   8.5819663e+01
   8.6057914e+01
   8.6180337e+01
   8.6189040e+01
   8.6242484e+01
   8.6527906e+01
   8.6664465e+01
   8.6792503e+01
   8.6847895e+01
   8.6920102e+01
   8.6966947e+01
   8.7011426e+01
   8.7035052e+01
   8.7153520e+01
   8.7239850e+01
   8.7461686e+01
   8.7461716e+01
   8.7589436e+01
   8.7595539e+01
   8.7596538e+01
   8.7650737e+01
   8.7654111e+01
   8.7671286e+01
   8.7719653e+01
   8.7729476e+01
   8.7959193e+01
   8.8131931e+01
   8.8243041e+01
   8.8327456e+01
   8.8352722e+01
   8.8407856e+01
   8.8533182e+01
   8.8600649e+01
   8.8727678e+01
   8.8786389e+01
   8.8861256e+01
   8.8961731e+01
   8.8985391e+01
   8.9050051e+01
   8.9057956e+01
   8.9330590e+01
   8.9432808e+01
   8.9531772e+01
   8.9652067e+01
   8.9656564e+01
   8.9717687e+01
   8.9782769e+01
   8.9800369e+01
   8.9803423e+01
   8.9839277e+01
   8.9991419e+01
   9.0076050e+01
   9.0086704e+01
   9.0119102e+01
   9.0197986e+01
   9.0431071e+01
   9.0437465e+01
   9.0515072e+01
   9.0566906e+01
   9.0613373e+01
   9.0660565e+01
   9.1019266e+01
   9.1083124e+01
   9.1181555e+01
   9.1225547e+01
   9.1251726e+01
   9.1344885e+01
   9.1348041e+01
   9.1455088e+01
   9.1559403e+01
   9.1725063e+01
   9.1731286e+01
   9.1804624e+01
   9.1859419e+01
   9.1862762e+01
   9.1871645e+01
   9.1885126e+01
   9.1950734e+01
   9.2082016e+01
   9.2193231e+01
   9.2387126e+01
   9.2437654e+01
   9.2441147e+01
   9.2655147e+01
   9.2807646e+01
   9.2961650e+01
   9.3055085e+01
   9.3487782e+01
   9.3522847e+01
   9.3588530e+01
   9.3631061e+01
   9.3722493e+01
   9.3859445e+01
   9.3902028e+01
   9.4195376e+01
   9.4214399e+01
   9.4231743e+01
   9.4261128e+01
   9.4272756e+01
   9.4292349e+01
   9.4314422e+01
   9.4562718e+01
   9.4962212e+01
   9.5095598e+01
   9.5286392e+01
   9.5288528e+01
   9.5293807e+01
   9.5401000e+01
   9.5404802e+01
   9.5406907e+01
   9.6072775e+01
   9.6119642e+01
   9.6124160e+01
   9.6169097e+01
   9.6193052e+01
   9.6261225e+01
   9.6287298e+01
   9.6342026e+01
   9.6469718e+01
   9.6758820e+01
   9.6767547e+01
   9.6897676e+01
   9.7024529e+01
   9.7058324e+01
   9.7115446e+01
   9.7888935e+01
   9.7963702e+01
   9.7976954e+01
   9.7984209e+01
   9.8307134e+01
   9.8485620e+01
   9.8905159e+01
   9.9202507e+01
   9.9348199e+01
   9.9619810e+01
   9.9794864e+01
   9.9885696e+01
   9.9951428e+01
   9.9999149e+01
   1.0017868e+02
   1.0034784e+02
   1.0086850e+02
   1.0127258e+02
   1.0133280e+02
   1.0171533e+02
   1.0180251e+02
   1.0191421e+02
   1.0202110e+02
   1.0209945e+02
   1.0233736e+02
   1.0238804e+02
   1.0284811e+02
   1.0311205e+02
   1.0316685e+02
   1.0354790e+02
   1.0362388e+02
   1.0386451e+02
   1.0436449e+02
   1.0479764e+02
   1.0491359e+02
   1.0497818e+02
   1.0530881e+02
   1.0562937e+02
   1.0591237e+02
   1.0625382e+02
   1.0660288e+02
   1.0669051e+02
   1.0671388e+02
   1.0762225e+02
   1.0792223e+02
   1.0835247e+02
   1.0884327e+02
   1.0908786e+02
