   7.8270775e+01
   7.7951489e+01
   8.6874578e+01
   7.8330614e+01
   8.5961038e+01
   8.6740547e+01
   6.9503246e+01
   7.8536356e+01
   6.9904566e+01
   7.8446370e+01
   7.7058866e+01
   7.0413973e+01
   6.9450025e+01
   7.8266443e+01
   7.0514450e+01
   7.0569911e+01
   8.6190447e+01
   8.4488786e+01
   6.2010316e+01
   6.9331977e+01
   8.5998416e+01
   6.2530083e+01
   6.2676512e+01
   6.2797855e+01
   8.5812239e+01
   6.2883869e+01
   7.6280706e+01
   6.2857639e+01
   6.9088056e+01
   9.4143012e+01
   8.3116617e+01
   6.3234928e+01
   5.4422612e+01
   7.0664927e+01
   9.3864303e+01
   7.7176119e+01
   9.2949433e+01
   5.5157578e+01
   7.5218398e+01
   6.8894436e+01
   6.3298091e+01
   6.3622274e+01
   5.5846917e+01
   5.6205152e+01
   5.6504914e+01
   9.2928932e+01
   8.3451040e+01
   9.0964688e+01
   5.7119420e+01
   9.2321638e+01
   8.1413980e+01
   6.4070377e+01
   9.1651460e+01
   5.6657741e+01
   5.7952166e+01
   7.4106722e+01
   6.8886940e+01
   8.8967216e+01
   8.2531464e+01
   8.2706837e+01
   4.7185949e+01
   7.0759944e+01
   7.6085794e+01
   7.7233709e+01
   7.7244599e+01
   5.8676959e+01
   6.4585867e+01
   8.1793356e+01
   4.8242703e+01
   7.9156861e+01
   6.4568131e+01
   7.6818283e+01
   7.6488780e+01
   4.9445911e+01
   8.6352199e+01
   8.1501874e+01
   8.1089841e+01
   5.0184911e+01
   5.9563098e+01
   8.8164321e+01
   7.3062755e+01
   6.8706321e+01
   7.1397895e+01
   7.6268535e+01
   5.8892871e+01
   5.1106802e+01
   7.1539615e+01
   8.1009448e+01
   7.1219101e+01
   5.0107883e+01
   7.1514097e+01
   5.2147473e+01
   7.1064391e+01
   7.5659218e+01
   8.6878372e+01
   6.4870606e+01
   7.0957439e+01
   9.8376055e+01
   8.6981400e+01
   9.8508037e+01
   6.6692312e+01
   6.0578644e+01
   7.6945095e+01
   7.1198868e+01
   9.7377183e+01
   5.3319076e+01
   7.0854960e+01
   7.5254361e+01
   6.7072082e+01
   6.6526592e+01
   9.7823695e+01
   7.5311047e+01
   8.5839826e+01
   6.6428165e+01
   6.5873642e+01
   8.3600621e+01
   6.6175539e+01
   6.7361061e+01
   7.4995470e+01
   7.9948153e+01
   5.4346345e+01
   9.5274982e+01
   9.6850981e+01
   7.9689710e+01
   7.0728504e+01
   6.7266652e+01
   8.5383702e+01
   7.9267246e+01
   5.3029816e+01
   6.2334980e+01
   9.5857633e+01
   6.8391569e+01
   8.4677182e+01
   6.1531608e+01
   8.4496166e+01
   7.2038911e+01
   9.2821927e+01
   5.5654447e+01
   6.1128000e+01
   6.2947453e+01
   6.2184884e+01
   4.1619396e+01
   7.8728641e+01
   6.7229788e+01
   7.4103358e+01
   6.1692712e+01
   4.2769668e+01
   6.4879693e+01
   6.2095135e+01
   7.0282911e+01
   6.3603308e+01
   7.7600067e+01
   8.0632144e+01
   7.5351723e+01
   6.3773923e+01
   5.7025134e+01
   8.3286082e+01
   4.4236502e+01
   8.9794393e+01
   8.2602712e+01
   6.7413284e+01
   4.5234767e+01
   4.4904709e+01
   9.1571111e+01
   6.2338762e+01
   6.4054897e+01
   4.6291273e+01
   8.2134591e+01
   5.5951750e+01
   7.2825151e+01
   6.9877300e+01
   5.8574405e+01
   4.7698396e+01
   5.8829563e+01
   8.9513558e+01
   7.5437697e+01
   8.6716386e+01
   8.9592981e+01
   8.1190043e+01
   5.7121266e+01
   5.9677268e+01
   8.0320312e+01
   6.7701809e+01
   5.8449902e+01
   6.4619953e+01
   4.9416239e+01
   6.4718086e+01
   8.8402629e+01
   6.2823410e+01
   6.7553603e+01
   5.8078132e+01
   6.0632884e+01
   7.0772502e+01
   4.8190022e+01
   8.7963421e+01
   7.8243538e+01
   5.0962232e+01
   6.1263584e+01
   6.0262619e+01
   8.6817014e+01
   8.7284588e+01
   7.2064976e+01
   6.9700935e+01
   5.2672335e+01
   6.1974373e+01
   8.5833559e+01
   8.3280979e+01
   7.3835844e+01
   6.5445780e+01
   6.1832935e+01
   7.7855114e+01
   7.4323134e+01
   5.4369790e+01
   6.7492388e+01
   8.4562880e+01
   5.1475334e+01
   6.3858858e+01
   6.2676614e+01
   8.4350169e+01
   1.0020957e+02
   1.0044947e+02
   9.9096398e+01
   5.6216869e+01
   6.5901902e+01
   6.6676685e+01
   9.9974462e+01
   9.7057973e+01
   5.3227428e+01
   8.2229587e+01
   8.2998065e+01
   7.6462107e+01
   6.9348791e+01
   6.3546638e+01
   7.9903701e+01
   6.7305857e+01
   9.9128430e+01
   5.6125856e+01
   7.1355745e+01
   7.6266139e+01
   5.8101023e+01
   9.4607370e+01
   5.7213188e+01
   6.6153185e+01
   5.5481109e+01
   5.4751816e+01
   5.8466486e+01
   9.7996184e+01
   6.9613609e+01
   5.9529971e+01
   6.4525434e+01
   7.3373115e+01
   3.8326686e+01
   9.1388713e+01
   7.7888199e+01
   7.9550127e+01
   6.0320339e+01
   6.0584232e+01
   3.9342075e+01
   6.5521880e+01
   6.1304712e+01
   7.2568526e+01
   6.6804828e+01
   9.3594814e+01
   4.0832849e+01
   8.8150244e+01
   9.0007439e+01
   4.1694442e+01
   4.1702977e+01
   9.0129507e+01
   7.5128524e+01
   6.8673314e+01
   8.9058181e+01
   4.2573294e+01
   6.2729446e+01
   6.2175719e+01
   7.7402932e+01
   8.9200874e+01
   4.4277160e+01
   4.6334557e+01
   8.7469213e+01
   4.8205262e+01
   7.0697720e+01
   7.5495058e+01
   6.3223371e+01
   5.0188073e+01
   8.7738021e+01
   8.4388019e+01
   7.6106738e+01
   8.9193445e+01
   4.5062197e+01
   5.2269050e+01
   8.5177315e+01
   6.5606997e+01
   7.2683443e+01
   8.0622763e+01
   8.6290588e+01
   7.7732549e+01
   6.4641490e+01
   5.4566218e+01
   8.2859397e+01
   5.6636263e+01
   4.8429953e+01
   6.6118010e+01
   7.4635783e+01
   8.4792075e+01
   6.8497271e+01
   8.0159220e+01
   7.6072136e+01
   7.7851807e+01
   6.7908548e+01
   5.0452301e+01
   5.9296814e+01
   5.7141484e+01
   5.5545074e+01
   5.8401959e+01
   5.9663867e+01
   5.4087177e+01
   6.0643045e+01
   6.1745816e+01
   5.3193203e+01
   5.2290154e+01
   6.9975147e+01
   6.2783033e+01
   7.1365316e+01
   6.1860012e+01
   6.4179316e+01
   7.2087577e+01
   6.5602766e+01
   7.4388852e+01
   7.4107268e+01
   6.4687307e+01
   6.7276999e+01
   7.5941274e+01
   7.7347166e+01
   7.8072389e+01
   8.8452743e+01
   5.3879200e+01
   8.0888247e+01
   8.0092310e+01
   6.7571147e+01
   5.6202710e+01
   6.9336334e+01
   6.1904053e+01
   8.2654211e+01
   6.2895587e+01
   8.4937781e+01
   5.1393431e+01
   8.7162664e+01
   8.8708939e+01
   8.4354437e+01
   9.1566295e+01
   8.9191473e+01
   6.0615527e+01
   8.8167979e+01
   8.7230000e+01
   5.8819074e+01
   9.4475117e+01
   6.4055195e+01
   8.9446298e+01
   4.9163642e+01
   9.6655431e+01
   5.9412802e+01
   8.9505468e+01
   7.1504614e+01
   5.8051535e+01
   4.6961688e+01
   9.8205619e+01
   8.5812910e+01
   8.9978460e+01
   9.4144010e+01
   9.8309560e+01
   6.5269783e+01
   7.0403551e+01
   5.6708198e+01
   6.1193786e+01
   4.4942795e+01
   9.9172903e+01
   9.9755944e+01
   9.9119998e+01
   9.9664195e+01
   5.4907924e+01
   7.3580103e+01
   4.2838023e+01
   5.3215580e+01
   6.6799188e+01
   4.1112640e+01
   5.2054325e+01
   7.5580497e+01
   4.0100654e+01
   4.7157946e+01
   7.3475529e+01
   6.3867126e+01
   4.3765435e+01
   3.9219562e+01
   4.9126774e+01
   4.0372924e+01
   5.0967153e+01
   3.7985938e+01
   3.6980413e+01
   6.3306052e+01
   6.8808394e+01
   6.4248427e+01
   6.2239756e+01
   7.7871354e+01
   6.5195500e+01
   6.1152324e+01
   7.6635112e+01
   7.9875443e+01
   6.6716931e+01
   7.0953505e+01
   5.8888794e+01
   5.6877130e+01
   6.0148979e+01
   6.4452835e+01
   6.6603498e+01
   8.2445663e+01
   7.3038864e+01
   5.4527202e+01
   8.0347925e+01
   6.0672696e+01
   5.8829185e+01
   6.3841582e+01
   6.9579034e+01
   8.4753168e+01
   6.5160152e+01
   7.4972066e+01
   5.2345148e+01
   6.8448281e+01
   5.7479426e+01
   8.3767780e+01
   6.2954955e+01
   8.7137423e+01
   5.9071685e+01
   6.3144247e+01
   8.7292863e+01
   7.7133276e+01
   8.6413201e+01
   7.2681843e+01
   5.5747486e+01
   5.0432012e+01
   7.0475429e+01
   8.5516714e+01
   6.6457444e+01
   8.8367386e+01
   8.8792045e+01
   8.7468209e+01
   6.2163211e+01
   6.4710734e+01
   5.4075253e+01
   8.9413120e+01
   5.7938150e+01
   8.9224976e+01
   7.9123237e+01
   7.2549077e+01
   6.0282488e+01
   4.8371979e+01
   9.0854693e+01
   7.5591906e+01
   5.2554035e+01
   6.5953211e+01
   6.1398741e+01
   8.9173861e+01
   7.4097143e+01
   6.8145725e+01
   5.1214412e+01
   4.8589044e+01
   4.9890111e+01
   9.3266352e+01
   4.6423718e+01
   6.4082062e+01
   8.1601767e+01
   5.6168127e+01
   6.0228011e+01
   7.5797765e+01
   9.4975635e+01
   6.6012255e+01
   7.0052328e+01
   9.2831009e+01
   6.8863145e+01
   7.9043061e+01
   4.4303267e+01
   7.2188436e+01
   7.3501978e+01
   4.4934071e+01
   6.2516985e+01
   9.6536475e+01
   5.8948642e+01
   5.9549477e+01
   8.3782374e+01
   6.3411088e+01
   7.7734208e+01
   9.7040013e+01
   4.2461605e+01
   9.6488156e+01
   7.2011314e+01
   9.7351371e+01
   9.7622535e+01
   5.4374066e+01
   9.7694253e+01
   7.4380918e+01
   6.7617478e+01
   4.1279099e+01
   8.2353126e+01
   6.5544299e+01
   5.7423949e+01
   6.2653562e+01
   7.4321474e+01
   4.0817464e+01
   8.6117902e+01
   6.5276321e+01
   7.2240562e+01
   8.4059474e+01
   6.9505898e+01
   8.4315257e+01
   3.9470766e+01
   5.5872560e+01
   5.2659364e+01
   8.4818745e+01
   7.9862317e+01
   3.7624127e+01
   3.8429066e+01
   7.5729315e+01
   5.8464854e+01
   8.7752921e+01
   6.5030546e+01
   8.6400120e+01
   6.1583681e+01
   7.6969836e+01
   8.5761168e+01
   5.4174772e+01
   6.8324190e+01
   6.7230252e+01
   6.1879368e+01
   8.8278075e+01
   8.7861608e+01
   7.1572141e+01
   7.3503730e+01
   5.2705515e+01
   5.0895588e+01
   7.2606682e+01
   5.1847841e+01
   8.1608444e+01
   6.9258444e+01
   6.4428696e+01
   5.1222803e+01
   6.0448404e+01
   8.7172662e+01
   8.8678995e+01
   7.7316570e+01
   6.7248891e+01
   8.0044267e+01
   5.6969965e+01
   4.9189763e+01
   7.4773712e+01
   6.4758922e+01
   5.9141161e+01
   8.3237440e+01
   9.0489496e+01
   6.9794806e+01
   7.3579811e+01
   6.3560429e+01
   6.1264833e+01
   6.7274685e+01
   7.1866880e+01
   8.1170406e+01
   8.1422059e+01
   9.0285851e+01
   8.1898401e+01
   4.7523434e+01
   7.8574981e+01
   6.8063925e+01
   4.7241519e+01
   9.1685136e+01
   5.7836027e+01
   8.4326696e+01
   5.5363374e+01
   7.0485292e+01
   8.2720790e+01
   8.3233387e+01
   5.6499995e+01
   7.4586159e+01
   6.2655112e+01
   7.6703482e+01
   8.4748463e+01
   6.6911619e+01
   9.3431694e+01
   5.5299042e+01
   8.4436733e+01
   4.5364910e+01
   6.4511746e+01
   7.9363441e+01
   6.0189351e+01
   9.3871924e+01
   9.3564179e+01
   9.4400178e+01
   9.3399039e+01
   9.4338479e+01
   7.0808656e+01
   4.3824065e+01
   5.3912790e+01
   6.1646224e+01
   7.2581584e+01
   5.4285330e+01
   7.5192529e+01
   6.6423845e+01
   6.8202072e+01
   4.3447548e+01
   8.4952412e+01
   7.9634040e+01
   8.3842561e+01
   7.7368744e+01
   7.7853979e+01
   7.8325361e+01
   7.0844213e+01
   6.0634179e+01
   7.8547004e+01
   5.3508352e+01
   7.5331997e+01
   4.1825589e+01
   7.9850984e+01
   5.2525849e+01
   6.5661513e+01
   5.9639596e+01
   6.4191425e+01
   7.9110360e+01
   5.8933884e+01
   4.0846100e+01
   4.0124696e+01
   8.6419500e+01
   7.9809267e+01
   7.0329350e+01
   5.8754858e+01
   7.5186026e+01
   7.3615695e+01
   6.4831467e+01
   6.8656613e+01
   8.7464596e+01
   6.9631065e+01
   7.4901704e+01
   7.3149508e+01
   5.0886942e+01
   8.6514716e+01
   8.0105124e+01
   5.7751066e+01
   7.3435925e+01
   5.0633648e+01
   5.7871423e+01
   6.4120575e+01
   6.3776443e+01
   7.4338902e+01
   7.3730327e+01
   7.9378398e+01
   8.8863288e+01
   7.4590551e+01
   6.9148940e+01
   6.3602619e+01
   4.9266391e+01
   6.9017223e+01
   6.8440554e+01
   5.6873279e+01
   6.8592930e+01
   6.3046115e+01
   8.1194873e+01
   8.9587759e+01
   8.9040749e+01
   8.9521000e+01
   5.6902541e+01
   6.8763252e+01
   6.2453968e+01
   8.9049747e+01
   6.3226732e+01
   4.7778348e+01
   8.9186871e+01
   4.7758944e+01
   7.5359746e+01
   8.1916939e+01
   6.9262452e+01
   7.4245894e+01
   4.6546451e+01
   5.5749577e+01
   8.1388052e+01
   6.2682571e+01
   4.5552134e+01
   5.5038740e+01
   8.2709537e+01
   6.8462879e+01
   7.5773808e+01
   4.4884239e+01
   6.9318725e+01
   5.4700137e+01
   6.1560614e+01
   8.3306731e+01
   6.2059287e+01
   8.3284042e+01
   8.3126620e+01
   7.6096653e+01
   5.3760691e+01
   6.9041892e+01
   7.5342279e+01
   8.3312658e+01
   8.3397707e+01
   6.1404002e+01
   5.3204200e+01
   5.2919375e+01
   7.6285730e+01
   6.8841096e+01
   6.8485204e+01
   7.6085925e+01
   6.0706844e+01
   6.0667260e+01
   5.2037801e+01
   7.5896191e+01
   6.8410723e+01
   7.6151172e+01
   6.0234588e+01
   7.6438664e+01
   5.1369661e+01
   6.7959481e+01
   5.9962608e+01
   6.8208208e+01
   6.8507529e+01
   5.9773906e+01
