   5.1177187e+01
   5.7298579e+01
   5.1715746e+01
   4.4788208e+01
   5.7950773e+01
   4.5007816e+01
   5.0621425e+01
   3.8431762e+01
   4.4600274e+01
   3.2546983e+01
   6.2873442e+01
   3.8539851e+01
   5.6257489e+01
   2.6362240e+01
   3.2463182e+01
   2.6362240e+01
   3.8304293e+01
   6.3835347e+01
   2.6362240e+01
   6.1783775e+01
   3.2359722e+01
   3.2460409e+01
   5.0297777e+01
   4.4358290e+01
   2.6362240e+01
   3.8672176e+01
   6.7727681e+01
   5.5838276e+01
   6.6576454e+01
   5.1912303e+01
   6.8647317e+01
   6.1202239e+01
   2.6362240e+01
   2.6362240e+01
   4.4920550e+01
   2.6362240e+01
   5.8122822e+01
   3.2444385e+01
   7.2074814e+01
   7.1102566e+01
   2.6362240e+01
   6.5841401e+01
   3.8560949e+01
   4.4281987e+01
   5.0074839e+01
   3.7850650e+01
   2.6362240e+01
   6.4107922e+01
   5.5449792e+01
   3.2081222e+01
   7.2973309e+01
   7.0249790e+01
   2.6362240e+01
   2.6362240e+01
   6.0715089e+01
   7.6108337e+01
   7.5126193e+01
   6.9034518e+01
   5.4591801e+01
   4.8906098e+01
   2.6362240e+01
   2.6362240e+01
   2.6362240e+01
   4.8742481e+01
   5.4205935e+01
   6.5234983e+01
   2.6362240e+01
   6.0241162e+01
   3.2351960e+01
   7.6763622e+01
   7.4313318e+01
   5.9452409e+01
   4.3079679e+01
   3.8427357e+01
   7.3421365e+01
   4.3051704e+01
   2.6362240e+01
   4.4104417e+01
   6.9580838e+01
   2.6362240e+01
   7.9841493e+01
   7.8705799e+01
   4.8510283e+01
   6.3748512e+01
   2.6362240e+01
   4.9887322e+01
   5.3561344e+01
   6.4775284e+01
   4.3016259e+01
   2.6362240e+01
   5.8566412e+01
   5.4992013e+01
   3.7516844e+01
   3.7319945e+01
   5.4761117e+01
   7.7962838e+01
   3.1940426e+01
   5.1838285e+01
   4.9087778e+01
   4.4872666e+01
   4.8215255e+01
   7.3534312e+01
   8.0375510e+01
   6.2609014e+01
   5.8017614e+01
   6.0260772e+01
   2.6362240e+01
   3.1865372e+01
   5.3095051e+01
   4.2783242e+01
   3.7715261e+01
   6.7635006e+01
   6.0502297e+01
   3.7479069e+01
   2.6362240e+01
   7.6833136e+01
   3.1913913e+01
   5.8025056e+01
   2.6362240e+01
   3.7188036e+01
   6.4814061e+01
   6.3882806e+01
   3.2115792e+01
   6.8794141e+01
   6.6472660e+01
   6.2141067e+01
   4.3324179e+01
   3.1868431e+01
   2.6362240e+01
   4.7912446e+01
   2.6362240e+01
   8.1702794e+01
   2.6362240e+01
   7.7304506e+01
   6.5023396e+01
   8.2572679e+01
   6.8771757e+01
   6.9212861e+01
   2.6362240e+01
   5.2743318e+01
   4.2635895e+01
   2.6362240e+01
   2.6362240e+01
   6.6122249e+01
   7.1034258e+01
   3.1858788e+01
   3.2392061e+01
   8.0953802e+01
   3.7362825e+01
   7.0039955e+01
   5.7554131e+01
   7.1859458e+01
   7.9840865e+01
   8.2779098e+01
   6.1761298e+01
   7.3118308e+01
   3.7562201e+01
   3.8260963e+01
   7.3177984e+01
   6.9088200e+01
   6.9490923e+01
   4.4109453e+01
   2.6362240e+01
   2.6362240e+01
   8.0471222e+01
   6.5822818e+01
   4.9921143e+01
   3.2050424e+01
   2.6362240e+01
   7.4144218e+01
   7.3325619e+01
   7.6932496e+01
   5.5035307e+01
   4.7646040e+01
   5.4897508e+01
   7.4639105e+01
   7.6549618e+01
   4.9258137e+01
   2.6362240e+01
   3.1779096e+01
   5.2427419e+01
   7.1989812e+01
   8.4289472e+01
   4.2465477e+01
   8.3102598e+01
   6.0058186e+01
   6.9038514e+01
   6.0477204e+01
   8.2306397e+01
   7.2678815e+01
   3.7300151e+01
   5.7145576e+01
   8.4775269e+01
   2.6362240e+01
   4.3583914e+01
   8.2015770e+01
   6.4579500e+01
   6.1324722e+01
   8.0246786e+01
   6.4982219e+01
   2.6362240e+01
   7.6227695e+01
   7.5745250e+01
   6.9022996e+01
   6.5400707e+01
   3.8004865e+01
   7.9310014e+01
   8.4512977e+01
   7.2143642e+01
   8.2706387e+01
   7.4422359e+01
   7.6318673e+01
   7.2977109e+01
   7.5063741e+01
   6.9078750e+01
   2.6362240e+01
   8.4285373e+01
   6.8685147e+01
   3.2222882e+01
   5.1658898e+01
   4.5252011e+01
   5.7486689e+01
   7.6853244e+01
   7.4562938e+01
   8.5741178e+01
   3.8616716e+01
   6.3359500e+01
   3.1779351e+01
   7.1760672e+01
   2.6362240e+01
   8.3441670e+01
   7.7833418e+01
   7.1896391e+01
   8.1405259e+01
   7.6774404e+01
   3.2317680e+01
   4.7443385e+01
   7.7996233e+01
   7.5977797e+01
   8.0171212e+01
   6.8069434e+01
   5.2139860e+01
   7.5998042e+01
   4.2317238e+01
   3.7245897e+01
   5.6798373e+01
   2.6362240e+01
   8.6224631e+01
   6.0888143e+01
   7.4376684e+01
   7.7672154e+01
   2.6362240e+01
   7.2556597e+01
   8.2611881e+01
   7.4036291e+01
   8.3232619e+01
   6.4972613e+01
   3.2446670e+01
   7.6233622e+01
   6.8374585e+01
   8.5555256e+01
   7.7586184e+01
   2.6362240e+01
   3.8275441e+01
   7.5867311e+01
   5.4878747e+01
   2.6362240e+01
   4.4213847e+01
   4.9383956e+01
   7.7066902e+01
   7.8882065e+01
   6.0289450e+01
   5.0088776e+01
   8.5299634e+01
   7.1711711e+01
   7.5667621e+01
   4.3637799e+01
   5.5222824e+01
   6.0221123e+01
   6.4631541e+01
   6.4734530e+01
   7.9173852e+01
   8.4076143e+01
   7.4190627e+01
   6.9192251e+01
   3.8037964e+01
   7.8739583e+01
   7.6618119e+01
   2.6362240e+01
   2.6362240e+01
   7.3100420e+01
   6.8690481e+01
   8.6573902e+01
   7.8826557e+01
   8.1023926e+01
   3.2203035e+01
   8.2727972e+01
   7.6461239e+01
   7.6883159e+01
   7.1357026e+01
   8.0092983e+01
   2.6362240e+01
   7.8162868e+01
   7.7927215e+01
   2.6362240e+01
   8.6904526e+01
   7.3770853e+01
   7.6968053e+01
   7.5608569e+01
   7.9391459e+01
   3.1794977e+01
   8.3231076e+01
   5.6550259e+01
   5.1983552e+01
   6.0598906e+01
   6.4672361e+01
   4.7382626e+01
   6.8021019e+01
   7.1322692e+01
   4.2319091e+01
   3.7225634e+01
   7.9849639e+01
   7.3790562e+01
   8.6113679e+01
   8.5486613e+01
   7.6247407e+01
   7.9673016e+01
   7.8150765e+01
   8.4623662e+01
   7.8788652e+01
   8.6891871e+01
   7.9477716e+01
   7.7459382e+01
   8.2953470e+01
   7.5596938e+01
   3.7926855e+01
   7.6902820e+01
   8.0666194e+01
   7.3594319e+01
   8.7175761e+01
   7.9965474e+01
   8.0023477e+01
   7.0987694e+01
   7.1049722e+01
   7.3439152e+01
   6.8297521e+01
   7.3163355e+01
   6.4330387e+01
   6.0069951e+01
   7.8247307e+01
   7.2033480e+01
   4.3642696e+01
   6.7739897e+01
   7.5332806e+01
   3.2120529e+01
   8.2748175e+01
   6.7577021e+01
   7.5770802e+01
   5.4797280e+01
   6.9274886e+01
   6.2708167e+01
   6.4462373e+01
   4.9412634e+01
   7.9912240e+01
   6.0421816e+01
   6.4843477e+01
   5.7091055e+01
   2.6362240e+01
   2.6362240e+01
   2.6362240e+01
   2.6362240e+01
   7.7574869e+01
   8.6460077e+01
   5.6377263e+01
   8.4917015e+01
   6.0331519e+01
   3.2805751e+01
   3.9400639e+01
   5.1299852e+01
   4.5297845e+01
   5.1876369e+01
   7.9021100e+01
   5.5298108e+01
   4.7341423e+01
   7.8966432e+01
   5.0123406e+01
   4.2292132e+01
   7.7600883e+01
   4.4292043e+01
   2.6362240e+01
   8.4999694e+01
   8.6428197e+01
   2.6362240e+01
   3.8396316e+01
   3.1781892e+01
   2.6362240e+01
   3.7226001e+01
   3.2431240e+01
   2.6362240e+01
   7.3291806e+01
   7.9623906e+01
   7.5092936e+01
   7.0874127e+01
   7.5708583e+01
   7.6364887e+01
   6.7570692e+01
   8.3234699e+01
   7.3741689e+01
   8.6991760e+01
   7.9567562e+01
   8.1888585e+01
   7.9655810e+01
   6.4272600e+01
   7.4626821e+01
   7.7692975e+01
   7.1211239e+01
   7.8731568e+01
   7.6569353e+01
   8.0781046e+01
   8.3467545e+01
   6.0221833e+01
   7.3266682e+01
   8.6512750e+01
   6.8423413e+01
   7.5181720e+01
   7.7458759e+01
   7.2715376e+01
   7.8475377e+01
   5.6196487e+01
   7.8308400e+01
   7.0941917e+01
   6.4459339e+01
   8.1268324e+01
   8.5098809e+01
   3.7862270e+01
   7.5817292e+01
   3.2109348e+01
   8.5061161e+01
   5.1707652e+01
   6.8804848e+01
   7.8605777e+01
   2.6362240e+01
   7.6030341e+01
   4.3568958e+01
   6.0127941e+01
   7.5502551e+01
   6.7611232e+01
   7.3526472e+01
   4.7180491e+01
   5.4780992e+01
   7.9439584e+01
   4.9256698e+01
   7.3986258e+01
   7.7943814e+01
   8.2037951e+01
   6.4338195e+01
   7.2090454e+01
   8.3324538e+01
   4.2204341e+01
   8.5995920e+01
   6.4261056e+01
   2.6362240e+01
   7.7095514e+01
   7.6788275e+01
   3.7198821e+01
   2.6362240e+01
   3.1781641e+01
   6.7401752e+01
   5.9902313e+01
   7.1309291e+01
   7.1397465e+01
   7.6284456e+01
   6.0211377e+01
   7.5883716e+01
   6.2364452e+01
   7.4127069e+01
   7.7235562e+01
   2.6362240e+01
   8.5856661e+01
   8.1107044e+01
   5.5010891e+01
   7.7064627e+01
   7.6812877e+01
   2.6362240e+01
   8.3176220e+01
   5.6904525e+01
   5.6178164e+01
   7.9706578e+01
   6.8534269e+01
   6.8029901e+01
   7.4175884e+01
   3.2917346e+01
   4.9953227e+01
   2.6362240e+01
   8.4581311e+01
   5.1078323e+01
   3.9066362e+01
   7.2442867e+01
   4.5143079e+01
   7.5880279e+01
   7.4939330e+01
   2.6362240e+01
   7.8722331e+01
   7.1960424e+01
   5.1660847e+01
   6.4648068e+01
   8.3259637e+01
   4.4272738e+01
   6.4501083e+01
   8.4022987e+01
   7.5715410e+01
   2.6362240e+01
   7.5524048e+01
   3.2088527e+01
   3.8558039e+01
   4.7129818e+01
   6.8543037e+01
   3.7766945e+01
   7.1390414e+01
   2.6362240e+01
   3.2388594e+01
   7.4146775e+01
   7.6519719e+01
   6.0107608e+01
   6.8619856e+01
   4.3379205e+01
   6.0654422e+01
   8.1547573e+01
   7.5705886e+01
   4.2257735e+01
   8.4287152e+01
   7.2759539e+01
   8.0365633e+01
   5.4613638e+01
   4.9017461e+01
   8.3729279e+01
   8.3234747e+01
   3.7311265e+01
   6.4117010e+01
   7.3843188e+01
   3.1866039e+01
   6.8301621e+01
   7.3424680e+01
   6.5154893e+01
   2.6362240e+01
   5.6644353e+01
   2.6362240e+01
   7.2124954e+01
   7.1077294e+01
   6.9251042e+01
   7.9157621e+01
   7.2723742e+01
   5.9649253e+01
   8.1725452e+01
   8.1179449e+01
   5.2079319e+01
   6.4212577e+01
   6.7246145e+01
   6.9821493e+01
   7.0410030e+01
   6.1196851e+01
   7.7156386e+01
   6.5557644e+01
   8.1599726e+01
   2.6362240e+01
   3.2035672e+01
   2.6362240e+01
   3.7660848e+01
   2.6362240e+01
   6.7812620e+01
   8.1599655e+01
   5.4838945e+01
   6.2067911e+01
   4.7481491e+01
   5.9681209e+01
   6.8856363e+01
   6.6034318e+01
   7.5606926e+01
   4.3175667e+01
   4.2625742e+01
   6.6930789e+01
   5.7190760e+01
   7.9033501e+01
   5.4222822e+01
   6.1527476e+01
   5.6568379e+01
   3.7758820e+01
   4.8745691e+01
   4.9985195e+01
   7.7863979e+01
   6.3611590e+01
   7.3293427e+01
   3.8586323e+01
   3.2501290e+01
   5.0930177e+01
   2.6362240e+01
   4.4790560e+01
   6.1898179e+01
   2.6362240e+01
   6.4456913e+01
   5.2565423e+01
   7.8577827e+01
   3.2099968e+01
   6.2686068e+01
   5.7411926e+01
   7.8331402e+01
   4.4494234e+01
   7.1728681e+01
   5.9030962e+01
   2.6362240e+01
   2.6362240e+01
   3.1875882e+01
   3.7388716e+01
   5.7656838e+01
   4.7861646e+01
   7.5196721e+01
   2.6362240e+01
   5.8305772e+01
   3.8868312e+01
   5.3763872e+01
   5.9950089e+01
   5.2719272e+01
   4.2906368e+01
   7.3957071e+01
   4.2925846e+01
   6.9352513e+01
   3.2659595e+01
   2.6362240e+01
   6.7080234e+01
   4.8467892e+01
   5.2831815e+01
   3.7988475e+01
   5.3238644e+01
   7.4725746e+01
   4.7951087e+01
   7.4515558e+01
   6.1798825e+01
   4.7971395e+01
   4.8182479e+01
   2.6362240e+01
   5.5065900e+01
   2.6362240e+01
   7.1199624e+01
   3.2134547e+01
   3.1560713e+01
   2.6362240e+01
   6.4984568e+01
   4.2536487e+01
   6.9979820e+01
   4.2418099e+01
   3.6627367e+01
   2.6362240e+01
   5.6315997e+01
   7.1008787e+01
   4.2108832e+01
   3.6993667e+01
   5.0188312e+01
   7.0733085e+01
   2.6362240e+01
   2.6362240e+01
   3.1302976e+01
   3.1627679e+01
   6.6547192e+01
   5.0722656e+01
   3.8710470e+01
   4.4709010e+01
   6.0418035e+01
   3.6103547e+01
   2.6362240e+01
   3.2347556e+01
   6.5474752e+01
   4.4707894e+01
   2.6362240e+01
   2.6362240e+01
   6.6106438e+01
   6.1549930e+01
   6.5805523e+01
   2.6362240e+01
   3.9014674e+01
   5.5412870e+01
   2.6362240e+01
   6.0695045e+01
   3.2798545e+01
   2.6362240e+01
   5.6130794e+01
   2.6362240e+01
   6.1173322e+01
   2.6362240e+01
   6.0819965e+01
   5.0273823e+01
   2.6362240e+01
   5.0559393e+01
   5.5553627e+01
   4.4607880e+01
   3.8656644e+01
   5.5814101e+01
   4.4707482e+01
   5.5507682e+01
   2.6362240e+01
   3.2482066e+01
   2.6362240e+01
   5.0229371e+01
   2.6362240e+01
   3.9092140e+01
   5.0302104e+01
   5.0090661e+01
   2.6362240e+01
   4.4468490e+01
   4.4494112e+01
   2.6362240e+01
   3.2750578e+01
   3.8359495e+01
   4.4258508e+01
   3.2512023e+01
   3.8617198e+01
   2.6362240e+01
   2.6362240e+01
   3.8214060e+01
   3.2595157e+01
   3.2377526e+01
   2.6362240e+01
   2.6362240e+01
